11334149996325682942891389439891725414382821431233436333231649994981314858871564744469167968956971961925395998239381997732445885135444752612622731513576898265672945543919117369358624173428715275252912
47742235256557918451664491657353397472212914845344632665367626594611766575686763922658295439785885263377719178479599831469143764668582294248133841348148648786421297697186947964386152898352281626942886
15446285914626198944265477579743828929214917124336532825723647635397745145653445124258137378944587583933286396857283514948669232579571557853879124141192941567651573448367951424384432773965173311483964
57416466577452851372711746137855232817885419384411265612154877665437761465858853671128519681122661647258689774148147932381534727424641315834936433787993192894324715946911586225868134211485576267311755
68551176577354859191853487928334742692954749651946788346988567499358694956192448371174887821141927475229249681645683338434396375543887792441251115887578816362992859311444697239376366517983217629868158
12299288538412945331366619713891498562838384864951193196998453766689721273555294125489441744796369329691281132886431293311441211163445765873354852216811959793292771454996185448586381253578975833512923
67687978917175765398797111971345996991823131736528893782832659641613163194791295383665767911388911297196158376697877665113749983376137494881147313244325848594751711788916324842448979552967268953848355
57743778191181715323153864178166464148181238947743848875147839537553722251849589977142875736219336258298157588567352997363943771842635411166776182929994264483325764765619642586121922954158869853359975
41312298799474955941221529612111987272535741719426195671378457912842129532495629651482957985565847237765317589218835981587465912395324951681565657399231824174994785867599577781568341629196519846246438
89666627769492366239799114282474937641742123686945647622155674275779614772878197858768521138988713598741831171443841221498628437281879528451938834351759891715765956477235361412696438485424288343637411
47664594819625671259946525397877653298789385365758887237483782324869868112542658486724465464463655664623123919259488434413981765585421579126761662184611276163525412332684112321265914974192445243385851
11411575495255151385332786897473925475199237138738367532764423263368999247737832844578116177836961595782967787692129535143515141769473561318783421641831736374477477779543593587765245919842431265567254
93483133695612238444949965847332882152326449926374865892928471663933723662188994611828674474795516195585473481169189864435242851892681618713254412618143611347768144855333717738537159119957517571933431
84129732242954795361848877834433942436818333571516641796377697637864935239879751295619672268686945462148865285435546712263477983691954846259712388537119446962366277414889497482535148628825737996678998
45968271988877422228231294623741496319497822852681467637716824152884612629754917322459788569991655379696135133759737137395797911739891252322137759166149989393465538526365351534451239649222952665299263
42816829429576326459641462943688885938674735594126437319291693195231814566764263949349985254835632613254978319832929479967331148791213786227357613142634262912278689915757885635414452946552651816611286
91748839483534472755755297253526663942998799773361413949682418528333131155963667219824467348738582768218839734667733455559751548186934189544372919434938432562299828761425884419854365178633199167918995
39149236999758181343484149771178335412833229956794943575153967224412573692411241557254681733794744156614253541565539774326823159516188233773896456939529446137736281939879347169625967799441324859264557
57571593377615958855772615667882994811428318594369223275398193217765474462569489296431124119892159429923518894795711526125995328929226428911397846849935128189161919135743655378742799546826528869748712
19766322711925262584745736342789538951972712929142954256313378481776893291486926593757367845844756764544431418557895413523596373183659319597771842217759485659548162277536224631318694215496784461514476
13683786372351418134877828385393411683591257835651316582473257798494115945664156763355256377337363477757614729628789816573771188663662571647678238683658358466676714288256771481211814446484762514998638
43146827437736197136512488238656233569554729723221738418214169539398973653288898184523127367866542362793331484941582812879169553714315714556792987388223955629362419257882625541952143175992934534383598
17329116848569481323744895374251284677224557165446746232327275148671232531639629191188311557576687166763616211478812773526364666142895631251412892262638183627167497775928837993959432621672983589256595
81751276768168915582624195759457332426951645282782684183971671892774346787988232527766697387695337259588156635979916583443244674583121465419477733145873388826336312943969428837838581357861261394775611
8887644264951268467749912956726313563624563939365988634599967958777458842354437549216832122995542383127453179611554922368877181135417252438386391474861437992665396125431797112978388221739816862968819