56293464925738533855768813878396656535828479675351529895758617723685597463526738883191243122879673564881622418258121878449834769816876994855158185962968735756991991496683984584131158998197724841773399
18314292291566384647894972683834172335636822952495335226414512496156387523225139367631794565769799627634219672491565783742215376749744713635288485821233693932388456222913758327849296843736428631155815
32341518467433854619574844836689868213565147867213184832489555296351329511819623666827327553114425738145694939782352855359789714926336649777842467798584114499918776732987869557399426699983731675687617
89196316463886133179829248161464758466517758418249943144819588415652183322114617591687363377537963899352673152665667157542343337223653247543576252414144524845491687234151514919873651742279459828893154
18358287674636768775564385654536327399991129695817689248924852176945938489846574895596151367311873316949685959667675135816215782478988449143118453955645579993791416898738964856714786519286637956668244
24482868512546829634872259251735535337141649673389627133536816961875431939849642685961951265371749485833869414391897635713782613913952116143571634222636332797578361898621228285493543498432238341769387
24253672568592757655645164195989452465582529813264352591736627971654338564522682472682376289758658217153234287233553367937157271319366237188649169796198175357137256912328252357511325442184425767913378
58339153369417629846795415766552698439726957398131437181685498957759397216117674252823111192458777992276529211525379187589544157287626185429873236415615417452499346469612884632473984656555184187268288
97819618576985692858113934338426288286675953713421496663887168185859142332629499839547824885646631781574256147711264948443361111316199525241634825671596485973183159769189751182835332376881973716861858
47296741161955511697967578498734292784324663867112594483944181446986925186718734826547448375586651792139496222858136559916274664957242919359622916232666636347614271284883877886267746527685689565675655
87257622471422178285833151756562463792483141798851985373697234891431168552653853535519734421942471599956866772738938926618428199859928582677326764438871759378517793614114419766381346259768957197464939
43599826279769239792492516628983378843461933537725163212165932942576783973838775229233413666923678957233335746542189548256655542952845124856855853439318458121292625951942278828262922996814559486947268
31441383344424114379478669983458185931773125249636794376279181178671725685277336676622561479131698492273947138818279887262556434861761723557914268462342654396318322932213694277264416594323196692873251
94464972814754481737732922477935484148527627514855229484411576395577729951728429599543415249533355323298427258389655542934478318773847591712559832677324744383852266229844886237619828379494771699177241
85569828239664424471299961948178831893116726259411885253975752671814385435617338497572224141463452574899144358267158873245377738588138864128735979265915354664915854695588715675953566245429263779699848
77219274941931417476763548165174547133618316347773293694261651323696264993942275573136782462118874257625398124376891994129416378979569355878843326731397787154293237199751336595539621331251417634755195
46215976698966573977973395682147661815575214245635723655229561234864416516534733842371945267888359518475412524721587846767981421732421112913693325383748977613348619211362658573936611444312462989399232
61187837329213255552799498932643268437453218161633547336246528344135397864963493543582763637875237931266924718146911843992221183653549126652984814451212522317678615811715197875811789945518159839493354
33734294372938612332244327547976998227395917316738175462221361178797964796586921114653272581196865621843581899182147653872417522691719691145812984675232828662736162792194662651134629515547114445997749
69213129311759778841246471217854676275421489173881116414954775664358566782638718588541417536718951933765173527234669487153832398875899937264536243677869999934329441963342193589848875769263993796183237
84379811558744366566661518235365189843464528697994489336263718341637819612585531341777966148239483443997929148468396233916161281827575565974786187175136891623739495381754549513673941541457199641722252
11971184455726485695848776273639999942862142358778188765597252767175314653925736152492667966276986939413318694221624583972749918847847149919418651596898765198471558196453597993936559281482466213511741
51835251726644651562799813322973327423112466241624182915415618469375995161391985498879777655898465996591734489935373624958996112291616712766991214572717773262198254946323216286744556526539745146765741
23173337739935933627466941939713622231658489213575621491298693357181328985881142268624216597671756657616783912891488739772254658958147468142373938873175371529323887586446421769646237972884383738921329
54618968671796961159646675418144597196134637696393568374478187644743326163979117126394875397771227612891335235483655865492821688318879392955351582792355758461416135898177516637842316731537979518368293
37439333319778948735451393594677413642341934371691319244939911956195956184815975545756756958272686441339726899922611327417494643398561516666587378894844796927147379217543317786538617227793369196293162
76662228528944915982796661595511777912322829313676122488442627471641483267867233775527911683822324783981438258687292261583457195567489728297726826119379522128372578986981198829192645564319775232586283
41373751317887497938949688947786178859181856554624124964811815652799747688753336674749682782896912398151242564826239456149358137272487786934765369432961569121259296968161766842198544695931427839534247
12332199383378513262758364275821964469194266566297182482181571782287378997242372552218418688798835467876829324556521318457326625363319437782499883828813329499761173976679388112214537634536317584921979
64816812476582167836942881126394888352284887148335829498115691183629692465615698356462464777386248773447371964274186794993263765799991417937824878235853248523778993515889915958386111275919112367115382
86494531144468417734134774898476698566718828892537446799331966378938876561163562632645865471855951196347537171279678447463764525299555789539129971127847633528576736924799582783397189896972791634595656
76947746438877446165488915489493677365768682632567921917723278544539858742758791219661658135965665357616553836328431129148636168761895833192581119767617148531868667765739624553517329126515127856452228
13447935822782373495172996238233662415144661323882648297421347768369665615599149598683535841731783211761468668487313114228476763473928663614125285493186195695555829185947565155472131581215116298297791
59878537729142682769835912828194168854191762154551987349359186166255387992874293999272363494965919512738939819623354199686521814618449941283214254979355496148381745599723686383943911145628295354852968
69591714967743459577721161625817412449318972716349718599156836162921681258873668531488765471164819416152651239561814111921639498121156885737191225843421524315858859248591217238981789766164111463849673
72542665532733759239175165235338746423873165743756167382875418229436613321855884742477864481318911176761112924449397947926838339674956768931289529362971985921932236969639656686699719255347918981918868
97682526625842547348117886733789815788181767482779552879855188541593353247528764551413815368441637997191889185661899958679556328861165228143491792554816387481162669569647548154655312212666482575866684
94585579642341645924931845249125218496432793158522443881471391148681519179277565178163873979279176664611988142437941876573179736124354892964916579844147488638777526662448228715864863262927492189261274
92938355612659531296494567611167662549311561516447399751114789533696442312743725365931928636749416252343367899775383635132797993719533671735965732782714129621242281492227385425868471429721865381147798
14466848694724133535913384731493974232747891888255129579385485726847719632469147866994729174486416525355947115791949947278812912161283932776443355638253264471949315668288824343397176685989265965824485
93788656457544994282591179844281838977258445541936211158586683574269725239569347656588694175381571389529665683564757692912355145282412957181997548739339789942833961742729556277496143113355944731378368
33146898995555767253246674678964393125471393776494111616282238488895251666731527393523595458586699948654843319159963779937675667344129683566239682783191678187387146317857156338546524714541392471668264
22496779985589833327537534181222922724648216871437851625627245811386621614568244841242225554282654277246614922216219235342642953376648715387912897993274658578317816717396822986975865285623825281959771
77377454414786618971895656786511514831444934513532667722462568762347214556133454469641452587525758241828484373917459638315582699768632486334684752479622624845857566647849299674529295185456618196878657
21249515655933687814112469337828738146215843896559611316659417956611538143916351139786353344588158343141765922972484583665371611136498299773136667518649862249882396785134686288745937873493284231855276
26444529653523514742442279345325637189214446866466357361346574295613232969124472767327871998314356122969851511748524572191592642549263374311943792884199147927993332252634483119129989579228748774957874
34461176668411253828752852987611189429528674136266175315711964584754362173537249176228228516641824129691593687719823566136374116547231177873162211598891764385672254556212764753287651649694874187598384
15785291814493831789755114793352826331555529265936918327175834926968277635854899716497489538832767756279292138357865673651526156512561113136341188451577298841419635358378565547921484245634286134754271
91947437357844121937868699136783315988415125412376638349346631523677661842355341117451311384479998213336625539114471699872137575412596295728126942892238586372821462394186854336657666976261469634579424
2823171391873579664952813743727565478181393175712941191969141336181396952341551417587778781334446842959568289771559611863716317328737582358947175957746716724993914886265598163846966549991147989693236